78 28 -inf -21.290577808 -inf
79 25 -18.0074100611 -10.1014791724 -inf
82 27 -inf -inf -inf
76 25 -inf -inf -inf
77 28 -11.1228841258 -15.6446844812 -9.82944511881
80 26 -inf -inf -inf
76 29 -17.5637825025 -inf -13.5725340734
81 27 -inf -inf -inf
78 29 -13.1942175524 -17.8301463511 -16.9787132608
82 25 -inf -13.7963836772 -inf
76 26 -inf -inf -inf
78 25 -inf -6.83086588842 -inf
82 29 -inf -18.7272543217 -inf
77 27 -inf -inf -inf
79 28 -inf -24.561191092 -inf
80 27 -19.7792879835 -16.2554059004 -16.9297088721
80 30 -inf -16.5162405925 -33.9911200532
81 26 -inf -21.5099661865 -inf
77 31 -inf -inf -18.9733294781
79 27 -inf -inf -inf
76 27 -13.4083438023 -inf -9.3883869956
78 30 -15.9754983657 -20.4407884138 -15.8884240626
81 29 -inf -16.9947008646 -22.5528018101
77 26 -inf -inf -inf
80 28 -inf -25.13037967 -inf
76 31 -inf -inf -17.3514705199
78 26 -inf -inf -inf
77 30 -inf -inf -17.7295362745
79 26 -inf -inf -inf
78 31 -inf -inf -16.8894013139
80 31 -inf -18.0455263268 -inf
81 28 -inf -26.5235421396 -inf
77 25 -inf -3.34910215162 -inf
79 30 -19.6024267047 -18.9911981203 -20.3241070455
80 29 -inf -15.601538395 -31.960858317
78 27 -inf -inf -inf
80 25 -inf -10.6706677504 -inf
76 28 -inf -inf -11.8677492881
82 28 -inf -25.8206775197 -inf
