80 30 -inf -16.5162405925 -33.9911200532
77 28 -11.1228841258 -15.6446844812 -9.82944511881
79 29 -inf -inf -inf
82 28 -inf -25.8206775197 -inf
76 29 -17.5637825025 -inf -13.5725340734
82 27 -inf -inf -inf
81 27 -inf -inf -inf
78 25 -inf -6.83086588842 -inf
81 30 -23.6837149939 -17.9076453691 -19.9432282014
80 27 -19.7792879835 -16.2554059004 -16.9297088721
77 31 -inf -inf -18.9733294781
76 27 -13.4083438023 -inf -9.3883869956
81 29 -inf -16.9947008646 -22.5528018101
77 26 -inf -inf -inf
82 26 -inf -inf -inf
76 31 -inf -inf -17.3514705199
77 30 -inf -inf -17.7295362745
79 26 -inf -inf -inf
78 31 -inf -inf -16.8894013139
81 28 -inf -26.5235421396 -inf
77 25 -inf -3.34910215162 -inf
80 29 -inf -15.601538395 -31.960858317
76 28 -inf -inf -11.8677492881
