80 26 -18.0074100611 -10.1014791724 -inf
80 31 -19.6024267047 -18.9911981203 -20.3241070455
81 28 -19.7792879835 -16.2554059004 -16.9297088721
78 30 -12.9653971937 -14.0234572163 -11.440599117
79 30 -13.1942175524 -17.8301463511 -16.9787132608
76 25 0.0 -inf -inf
77 28 -13.4083438023 -inf -9.3883869956
79 31 -15.9754983657 -20.4407884138 -15.8884240626
82 31 -23.6837149939 -17.9076453691 -19.9432282014
76 31 -inf -inf -inf
76 30 -inf -inf -inf
77 30 -17.5637825025 -inf -13.5725340734
78 29 -11.1228841258 -15.6446844812 -9.82944511881
81 25 -inf -inf -inf
